593
985
114
510
803
873
858
434
204
136
329
185
900
36
439
371
765
717
154
919
686
853
440
790
579
224
405
432
890
450
520
778
280
916
96
785
538
243
988
238
672
509
199
141
771
408
434
323
728
169
148
427
452
230
973
725
407
641
680
341
365
921
54
987
143
374
343
468
873
177
836
349
148
774
224
847
579
895
85
627
171
462
162
490
636
662
906
810
252
462
760
161
795
828
838
391
9
698
373
764
611
384
231
707
196
766
608
618
192
107
699
863
908
215
25
376
649
657
132
455
344
590
481
688
823
439
636
849
313
733
198
141
388
428
737
484
180
9
636
427
677
873
665
827
134
624
868
561
24
563
823
226
133
138
240
880
710
245
580
965
901
370
572
858
425
496
246
773
792
28
15
190
327
677
796
28
516
742
495
704
420
703
630
93
257
128
664
219
699
188
553
759
912
310
197
840
430
258
537
1
236
26
109
550
585
299
221
517
156
108
631
754
122
587
191
606
103
564
269
789
907
862
816
275
509
28
988
771
606
221
703
228
764
128
586
168
887
575
723
553
185
631
799
315
662
754
572
520
306
97
556
764
570
537
85
6
274
608
486
591
294
588
556
762
756
689
827
224
591
597
552
14
647
706
419
550
43
975
266
159
96
99
480
666
515
95
204
786
858
375
870
215
233
437
420
711
857
633
99
353
626
737
577
464
961
345
663
760
981
576
717
16
916
839
493
35
402
846
329
157
825
260
576
7
348
514
203
503
173
581
678
40
543
223
90
785
965
841
584
916
913
455
856
597
897
712
143
701
316
960
647
954
403
339
928
773
802
64
148
399
253
280
441
624
159
907
823
14
702
197
649
503
443
585
120
52
613
930
171
450
405
258
315
773
308
33
259
498
744
388
924
562
941
663
750
47
129
272
980
196
624
282
550
797
430
266
825
800
27
154
700
70
704
496
281
442
832
306
692
733
745
608
687
124
306
853
579
687
351
411
532
438
895
155
828
393
462
150
559
588
79
635
630
622
897
942
861
421
523
585
471
136
98
993
129
513
206
727
164
884
829
241
68
472
511
821
653
809
209
265
158
151
5
178
717
302
598
695
370
491
201
794
600
184
862
19
558
533
823
384
483
483
960
908
424
878
172
394
191
990
672
975
289
42
808
570
614
18
280
761
453
975
734
529
84
161
490
41
257
780
711
44
94
776
203
105
755
276
266
753
62
15
457
828
749
730
62
352
596
965
741
47
762
420
798
923
70
318
130
417
527
35
859
208
729
231
963
796
339
606
957
355
677
214
752
692
998
108
746
519
140
268
729
988
333
280
933
780
890
492
153
526
468
692
936
887
190
83
428
553
570
137
385
383
495
504
208
778
240
67
936
395
648
914
984
934
314
471
159
919
173
647
899
539
868
245
240
693
131
545
265
436
397
968
266
342
987
960
358
308
447
442
420
737
974
405
396
799
852
99
16
32
978
58
701
446
354
321
721
647
307
932
814
945
192
559
364
974
914
115
110
412
926
263
458
116
737
455
44
652
816
369
516
43
525
482
827
225
3
884
173
769
882
706
545
572
998
290
308
346
738
813
482
975
482
126
638
536
438
596
930
161
26
246
927
685
130
18
56
225
747
66
506
997
453
892
707
16
444
917
924
543
118
9
833
9
175
873
61
978
424
705
490
802
190
757
878
634
438
439
9
338
942
920
243
826
63
609
202
243
158
596
921
768
162
132
261
23
913
110
265
414
651
554
89
155
775
650
11
157
28
437
681
672
199
560
203
313
404
667
938
367
552
804
791
226
203
922
98
979
459
199
951
159
483
698
106
960
50
633
947
210
336
928
621
839
156
528
848
480
248
95
566
681
574
583
707
472
428
350
749
785
50
506
35
161
509
151
202
389
299
78
275
214
527
867
848
275
23
483
317
475
120
760
195
694
307
635
343
486
41
149
850
135
298
642
793
696
579
866
453
950
670
901
845
276
27
531
991
824
725
413
78
540
143
891
828
880
301
675
233
625
518
531
668
168
351
619
102
465
516
594
550
142
143
611
918
576
443
603
645
170
945
994
510
466
185
588
950
284
94
987
211
180
912
627
399
488
117
529
4
560
201
257
817
155
17
883
91
663
0
80
63
716
97
351
971
294
123
415
668
182
826
712
338
636
26
490
240
354
431
241
784
608
472
276
348
607
689
544
830
316
136
686
656
76
919
318
976
590
104
615
355
298
935
212
803
772
457
444
595
228
658
341
959
141
564
254
544
391
891
496
501
508
574
401
533
244
112
517
