0
1
3
4
5
6
7
9
9
9
9
9
11
14
14
15
15
16
16
16
17
18
18
19
23
23
24
25
26
26
26
27
27
28
28
28
28
32
33
35
35
35
36
40
41
41
42
43
43
44
44
47
47
50
50
52
54
56
58
61
62
62
63
63
64
66
67
68
70
70
76
78
78
79
80
83
84
85
85
89
90
91
93
94
94
95
95
96
96
97
97
98
98
99
99
99
102
103
104
105
106
107
108
108
109
110
110
112
114
115
116
117
118
120
120
122
123
124
126
128
128
129
129
130
130
131
132
132
133
134
135
136
136
136
137
138
140
141
141
141
142
143
143
143
143
148
148
148
149
150
151
151
153
154
154
155
155
155
156
156
157
157
158
158
159
159
159
159
161
161
161
161
162
162
164
168
168
169
170
171
171
172
173
173
173
175
177
178
180
180
182
184
185
185
185
188
190
190
190
191
191
192
192
195
196
196
197
197
198
199
199
199
201
201
202
202
203
203
203
203
204
204
206
208
208
209
210
211
212
214
214
215
215
219
221
221
223
224
224
224
225
225
226
226
228
228
230
231
231
233
233
236
238
240
240
240
240
241
241
243
243
243
244
245
245
246
246
248
252
253
254
257
257
257
258
258
259
260
261
263
265
265
265
266
266
266
266
268
269
272
274
275
275
275
276
276
276
280
280
280
280
281
282
284
289
290
294
294
298
298
299
299
301
302
306
306
306
307
307
308
308
308
310
313
313
314
315
315
316
316
317
318
318
321
323
327
329
329
333
336
338
338
339
339
341
341
342
343
343
344
345
346
348
348
349
350
351
351
351
352
353
354
354
355
355
358
364
365
367
369
370
370
371
373
374
375
376
383
384
384
385
388
388
389
391
391
393
394
395
396
397
399
399
401
402
403
404
405
405
405
407
408
411
412
413
414
415
417
419
420
420
420
420
421
424
424
425
427
427
428
428
428
430
430
431
432
434
434
436
437
437
438
438
438
439
439
439
440
441
442
442
443
443
444
444
446
447
450
450
452
453
453
453
455
455
455
457
457
458
459
462
462
462
464
465
466
468
468
471
471
472
472
472
475
480
480
481
482
482
482
483
483
483
483
484
486
486
488
490
490
490
490
491
492
493
495
495
496
496
496
498
501
503
503
504
506
506
508
509
509
509
510
510
511
513
514
515
516
516
516
517
517
518
519
520
520
523
525
526
527
527
528
529
529
531
531
532
533
533
536
537
537
538
539
540
543
543
544
544
545
545
550
550
550
550
552
552
553
553
553
554
556
556
558
559
559
560
560
561
562
563
564
564
566
570
570
570
572
572
572
574
574
575
576
576
576
577
579
579
579
579
580
581
583
584
585
585
585
586
587
588
588
588
590
590
591
591
593
594
595
596
596
596
597
597
598
600
603
606
606
606
607
608
608
608
608
609
611
611
613
614
615
618
619
621
622
624
624
624
625
626
627
627
630
630
631
631
633
633
634
635
635
636
636
636
636
638
641
642
645
647
647
647
647
648
649
649
650
651
652
653
656
657
658
662
662
663
663
663
664
665
666
667
668
668
670
672
672
672
675
677
677
677
678
680
681
681
685
686
686
687
687
688
689
689
692
692
692
693
694
695
696
698
698
699
699
700
701
701
702
703
703
704
704
705
706
706
707
707
707
710
711
711
712
712
716
717
717
717
721
723
725
725
727
728
729
729
730
733
733
734
737
737
737
737
738
741
742
744
745
746
747
749
749
750
752
753
754
754
755
756
757
759
760
760
760
761
762
762
764
764
764
765
766
768
769
771
771
772
773
773
773
774
775
776
778
778
780
780
784
785
785
785
786
789
790
791
792
793
794
795
796
796
797
798
799
799
800
802
802
803
803
804
808
809
810
813
814
816
816
817
821
823
823
823
823
824
825
825
826
826
827
827
827
828
828
828
828
829
830
832
833
836
838
839
839
840
841
845
846
847
848
848
849
850
852
853
853
856
857
858
858
858
859
861
862
862
863
866
867
868
868
870
873
873
873
873
878
878
880
880
882
883
884
884
887
887
890
890
891
891
892
895
895
897
897
899
900
901
901
906
907
907
908
908
912
912
913
913
914
914
916
916
916
917
918
919
919
919
920
921
921
922
923
924
924
926
927
928
928
930
930
932
933
934
935
936
936
938
941
942
942
945
945
947
950
950
951
954
957
959
960
960
960
960
961
963
965
965
965
968
971
973
974
974
975
975
975
975
976
978
978
979
980
981
984
985
987
987
987
988
988
988
990
991
993
994
997
998
998
