998
998
997
994
993
991
990
988
988
988
987
987
987
985
984
981
980
979
978
978
976
975
975
975
975
974
974
973
971
968
965
965
965
963
961
960
960
960
960
959
957
954
951
950
950
947
945
945
942
942
941
938
936
936
935
934
933
932
930
930
928
928
927
926
924
924
923
922
921
921
920
919
919
919
918
917
916
916
916
914
914
913
913
912
912
908
908
907
907
906
901
901
900
899
897
897
895
895
892
891
891
890
890
887
887
884
884
883
882
880
880
878
878
873
873
873
873
870
868
868
867
866
863
862
862
861
859
858
858
858
857
856
853
853
852
850
849
848
848
847
846
845
841
840
839
839
838
836
833
832
830
829
828
828
828
828
827
827
827
826
826
825
825
824
823
823
823
823
821
817
816
816
814
813
810
809
808
804
803
803
802
802
800
799
799
798
797
796
796
795
794
793
792
791
790
789
786
785
785
785
784
780
780
778
778
776
775
774
773
773
773
772
771
771
769
768
766
765
764
764
764
762
762
761
760
760
760
759
757
756
755
754
754
753
752
750
749
749
747
746
745
744
742
741
738
737
737
737
737
734
733
733
730
729
729
728
727
725
725
723
721
717
717
717
716
712
712
711
711
710
707
707
707
706
706
705
704
704
703
703
702
701
701
700
699
699
698
698
696
695
694
693
692
692
692
689
689
688
687
687
686
686
685
681
681
680
678
677
677
677
675
672
672
672
670
668
668
667
666
665
664
663
663
663
662
662
658
657
656
653
652
651
650
649
649
648
647
647
647
647
645
642
641
638
636
636
636
636
635
635
634
633
633
631
631
630
630
627
627
626
625
624
624
624
622
621
619
618
615
614
613
611
611
609
608
608
608
608
607
606
606
606
603
600
598
597
597
596
596
596
595
594
593
591
591
590
590
588
588
588
587
586
585
585
585
584
583
581
580
579
579
579
579
577
576
576
576
575
574
574
572
572
572
570
570
570
566
564
564
563
562
561
560
560
559
559
558
556
556
554
553
553
553
552
552
550
550
550
550
545
545
544
544
543
543
540
539
538
537
537
536
533
533
532
531
531
529
529
528
527
527
526
525
523
520
520
519
518
517
517
516
516
516
515
514
513
511
510
510
509
509
509
508
506
506
504
503
503
501
498
496
496
496
495
495
493
492
491
490
490
490
490
488
486
486
484
483
483
483
483
482
482
482
481
480
480
475
472
472
472
471
471
468
468
466
465
464
462
462
462
459
458
457
457
455
455
455
453
453
453
452
450
450
447
446
444
444
443
443
442
442
441
440
439
439
439
438
438
438
437
437
436
434
434
432
431
430
430
428
428
428
427
427
425
424
424
421
420
420
420
420
419
417
415
414
413
412
411
408
407
405
405
405
404
403
402
401
399
399
397
396
395
394
393
391
391
389
388
388
385
384
384
383
376
375
374
373
371
370
370
369
367
365
364
358
355
355
354
354
353
352
351
351
351
350
349
348
348
346
345
344
343
343
342
341
341
339
339
338
338
336
333
329
329
327
323
321
318
318
317
316
316
315
315
314
313
313
310
308
308
308
307
307
306
306
306
302
301
299
299
298
298
294
294
290
289
284
282
281
280
280
280
280
276
276
276
275
275
275
274
272
269
268
266
266
266
266
265
265
265
263
261
260
259
258
258
257
257
257
254
253
252
248
246
246
245
245
244
243
243
243
241
241
240
240
240
240
238
236
233
233
231
231
230
228
228
226
226
225
225
224
224
224
223
221
221
219
215
215
214
214
212
211
210
209
208
208
206
204
204
203
203
203
203
202
202
201
201
199
199
199
198
197
197
196
196
195
192
192
191
191
190
190
190
188
185
185
185
184
182
180
180
178
177
175
173
173
173
172
171
171
170
169
168
168
164
162
162
161
161
161
161
159
159
159
159
158
158
157
157
156
156
155
155
155
154
154
153
151
151
150
149
148
148
148
143
143
143
143
142
141
141
141
140
138
137
136
136
136
135
134
133
132
132
131
130
130
129
129
128
128
126
124
123
122
120
120
118
117
116
115
114
112
110
110
109
108
108
107
106
105
104
103
102
99
99
99
98
98
97
97
96
96
95
95
94
94
93
91
90
89
85
85
84
83
80
79
78
78
76
70
70
68
67
66
64
63
63
62
62
61
58
56
54
52
50
50
47
47
44
44
43
43
42
41
41
40
36
35
35
35
33
32
28
28
28
28
27
27
26
26
26
25
24
23
23
19
18
18
17
16
16
16
15
15
14
14
11
9
9
9
9
9
7
6
5
4
3
1
0
